108.93267 75.96410 4.00000 
112.39677 73.96410 4.00000 
112.39677 73.96410 6.00000 
108.93267 75.96410 6.00000 

108.93267 75.96410 4.00000 
112.39672 77.96401 4.00000 
112.39672 77.96401 6.00000 
108.93267 75.96410 6.00000 

108.93267 75.96410 4.00000 
108.93262 79.96401 4.00000 
108.93262 79.96401 6.00000 
108.93267 75.96410 6.00000 

108.93267 75.96410 4.00000 
105.46857 77.96410 4.00000 
105.46857 77.96410 6.00000 
108.93267 75.96410 6.00000 

108.93267 75.96410 4.00000 
105.46862 73.96419 4.00000 
105.46862 73.96419 6.00000 
108.93267 75.96410 6.00000 

108.93267 75.96410 4.00000 
108.93272 71.96419 4.00000 
108.93272 71.96419 6.00000 
108.93267 75.96410 6.00000 

108.93267 75.96410 4.00000 
112.39677 73.96410 4.00000 
112.39677 73.96410 6.00000 
108.93267 75.96410 6.00000 

